SetDesc:         "<description>"
SetIndex:        <index>
Authors:         <authors>
Reference:       <reference>
Format:          lhagrid1
DataVersion:     1
NumMembers:      1057
Particle:        <particle>
Flavors:         [-5, -4, -3, -2, -1, 1, 2, 3, 4, 5, 21]
OrderQCD:        1
FlavorScheme:    variable
NumFlavors:      5
ErrorType:       replicas
XMin:            1.00e-06
XMax:            1.00e+00
QMin:            1.00e+00
QMax:            1.00e+03
MZ:              91.187600
MUp:             0.0
MDown:           0.0
MStrange:        0.0
MCharm:          1.280000
MBottom:         4.180000
MTop:            180.0
AlphaS_MZ:       0.118000
AlphaS_OrderQCD: 1
AlphaS_Type:     ipol
AlphaS_Qs: [1.00000E+00, 1.03589E+00, 1.07308E+00, 1.11160E+00, 1.15150E+00, 1.19283E+00, 1.23565E+00, 1.28000E+00, 1.39291E+00, 1.51577E+00, 1.64947E+00, 1.79497E+00, 1.95330E+00, 2.12560E+00, 2.31309E+00, 2.51713E+00, 2.73916E+00, 2.98077E+00, 3.24370E+00, 3.52982E+00, 3.84118E+00, 4.18000E+00, 5.08317E+00, 6.18148E+00, 7.51710E+00, 9.14131E+00, 1.11165E+01, 1.35184E+01, 1.64393E+01, 1.99913E+01, 2.43107E+01, 2.95635E+01, 3.59513E+01, 4.37192E+01, 5.31655E+01, 6.46529E+01, 7.86224E+01, 9.56102E+01, 1.16269E+02, 1.41390E+02, 1.71940E+02, 2.09091E+02, 2.54269E+02, 3.09209E+02, 3.76019E+02, 4.57265E+02, 5.56066E+02, 6.76214E+02, 8.22322E+02, 1.00000E+03, ]
AlphaS_Vals: [4.44632E-01, 4.32508E-01, 4.21086E-01, 4.10306E-01, 4.00112E-01, 3.90455E-01, 3.81292E-01, 3.72586E-01, 3.55107E-01, 3.39301E-01, 3.24929E-01, 3.11798E-01, 2.99749E-01, 2.88650E-01, 2.78389E-01, 2.68872E-01, 2.60018E-01, 2.51759E-01, 2.44034E-01, 2.36792E-01, 2.29988E-01, 2.23582E-01, 2.11320E-01, 2.00378E-01, 1.90550E-01, 1.81670E-01, 1.73605E-01, 1.66246E-01, 1.59503E-01, 1.53300E-01, 1.47574E-01, 1.42271E-01, 1.37345E-01, 1.32757E-01, 1.28473E-01, 1.24462E-01, 1.20700E-01, 1.17163E-01, 1.13832E-01, 1.10689E-01, 1.07718E-01, 1.04906E-01, 1.02239E-01, 9.97076E-02, 9.73003E-02, 9.50086E-02, 9.28241E-02, 9.07396E-02, 8.87481E-02, 8.68436E-02, ]
AlphaS_Lambda4: 0
AlphaS_Lambda5: 0
